431
213
431
510
331
210
290
203
61
349
497
562
577
354
997
717
984
175
926
891
604
650
168
562
389
383
314
571
600
962
191
317
875
24
10
302
957
782
875
625
638
367
373
712
998
462
862
776
273
417
798
480
739
948
405
-1
987
222
271
516
121
210
594
333
954
648
82
993
350
625
698
377
327
367
405
685
707
195
572
410
739
611
-1
745
367
371
996
204
178
591
339
541
974
930
242
-1
410
111
551
489
290
465
953
553
355
239
242
488
882
137
405
330
462
547
482
893
954
268
-1
233
383
899
140
974
926
436
612
126
-1
607
965
571
757
693
335
268
979
159
228
349
956
307
65
21
298
392
16
113
159
977
462
597
995
676
711
314
661
837
156
89
770
674
-1
866
629
-1
937
364
819
891
674
402
602
13
169
539
-1
237
51
304
351
236
981
424
520
320
630
222
782
5
791
469
410
95
234
821
479
160
193
965
263
836
957
751
392
937
-1
640
738
320
283
215
493
207
5
149
742
44
226
924
674
686
998
422
493
47
753
792
-1
782
362
755
975
637
184
409
849
141
861
806
209
493
517
649
955
486
929
943
273
290
298
871
974
694
997
537
510
537
471
989
467
658
4
738
427
374
362
760
179
111
405
790
221
560
204
350
996
908
827
997
22
711
882
491
111
954
638
156
382
516
392
506
633
388
35
24
775
778
801
906
584
957
779
418
512
919
24
491
839
954
400
584
745
344
843
943
658
173
-1
790
587
137
837
684
238
129
411
104
584
24
587
34
629
16
35
540
69
882
185
540
571
617
610
780
473
949
399
782
417
981
310
762
638
945
-1
512
122
471
685
875
674
871
768
159
325
494
495
540
393
204
765
661
42
299
644
424
510
531
362
346
351
145
631
320
243
707
473
35
171
777
111
204
505
88
938
953
739
226
724
689
11
409
366
339
237
663
-1
363
296
88
357
498
320
481
-1
971
712
839
379
919
226
26
710
61
521
789
837
671
778
137
21
808
891
394
46
291
30
919
536
673
723
686
467
538
742
875
521
630
727
955
987
53
860
905
937
790
493
1
494
953
219
4
219
595
77
643
268
751
216
869
209
98
462
355
194
126
148
362
957
878
236
160
796
908
362
319
528
594
122
708
78
716
499
753
258
452
126
190
239
1
537
887
410
63
221
521
780
707
185
537
77
945
105
517
953
453
684
530
754
142
528
823
838
765
44
21
124
5
807
695
911
657
351
410
600
400
663
612
918
162
384
486
482
950
350
409
482
265
-1
460
263
880
899
889
997
146
530
948
171
460
851
383
982
209
383
487
911
42
499
379
374
211
317
201
335
182
724
155
237
137
247
852
766
791
862
511
723
433
595
638
345
181
24
319
153
604
541
474
383
209
446
698
543
339
947
444
231
-1
363
5
310
265
625
273
782
327
382
490
4
371
142
698
371
595
665
582
658
963
965
972
633
548
142
326
125
610
263
382
432
455
570
666
393
640
691
852
957
931
98
583
436
684
201
364
711
850
379
849
474
410
-1
771
107
950
22
681
293
537
293
208
448
103
947
727
331
629
846
792
268
523
422
399
44
118
769
141
124
602
955
318
987
55
932
179
30
666
746
18
253
930
201
522
595
837
422
22
221
246
288
384
89
762
585
137
126
610
444
258
136
422
558
455
997
125
341
888
148
929
242
335
457
510
998
732
996
271
712
413
565
104
630
339
985
185
344
560
373
989
111
908
467
777
408
817
-1
720
996
935
841
919
768
837
511
142
431
975
583
536
503
451
838
758
405
350
516
113
128
870
526
81
-1
717
211
237
516
584
31
344
20
661
939
552
672
393
148
20
566
954
303
671
987
356
99
383
757
409
522
518
927
21
875
126
363
350
974
464
673
912
222
23
760
557
139
653
201
555
367
617
-1
460
441
156
409
695
905
263
400
918
958
909
148
153
610
163
494
538
138
536
602
315
18
821
585
22
494
955
452
-1
61
987
-1
590
679
343
724
673
198
42
268
47
605
341
493
584
24
556
203
792
861
453
225
405
168
371
662
351
723
17
498
345
408
737
538
862
597
203
268
467
174
206
174
209
464
31
156
34
333
-1
836
479
22
232
656
145
448
893
-1
510
147
357
145
344
46
597
643
42
468
99
335
490
650
82
307
156
278
465
5
302
225
490
723
61
930
165
448
119
44
234
160
414
487
370
711
932
738
556
346
709
-1
71
963
12
-1
9
746
663
174
142
263
802
971
860
26
51
39
580
351
880
499
518
757
176
60
344
647
683
871
474
350
210
757
538
412
236
431
612
331
560
196
723
